% Model:              VLR_3_01V03.mph
% Version:            COMSOL 5.5.0.292
% Date:               Jun 30 2020, 18:45
% Dimension:          2
% Nodes:              1230
% Expressions:        1
% Description:        Electric potential
% Length unit:        cm
% x                       y                        V2 (V)
-0.7796584323248269       -0.6262050214624546      9.209172375945927
-0.8991207243305398       -0.437700723188031       9.467002729146497
-0.9973802803225136       -0.6433745673233668      9.057340524366227
-0.9738021402429143       -0.22739699131325278     9.729459713540878
-1.1153826415373314       -0.44109088546929454     9.384049209641802
-0.8475081686380049       -0.8256094634697637      8.696012404116969
-0.6237791782731196       -0.7816006248416845      8.965842297465393
-1                        0                        10.000506878711251
-1.191631854940011        -0.07561732325341956     9.899108997438832
-0.6597037322144141       -0.9851573976498216      8.270346860574408
-0.4376898420782          -0.8991260212793092      8.748020264879953
-0.9738007317554538       0.22740302291865597      10.271585336071153
-1.1821647510407076       0.15559788549239026      10.209828107675243
-1.1176625225641867       0.3935954806143807       10.54301980091863
-0.8991198055327082       0.4377026105688942       10.534055615688043
-0.4389838601788732       -1.1029207191168091      7.816753373070816
-0.22739672515945517      -0.9738022023936664      8.583424089015367
-0.7796530336597403       0.6262117430272          10.791904592451752
-1.0125957330913946       0.6122860523605507       10.88810759639834
-0.1890465665677828       -1.1986116922041672      7.27448938889284
0                         -1                       8.517975410391898
-0.6237818533660353       0.7815984898982559       11.03519409012434
-0.8767993923110549       0.8055361844888264       11.263297988614339
0.12253536731820604       -1.2199723200143224      7.132045532335395
0.2274041180318779        -0.9738004760227548      8.58334543353612
-0.43771641767720687      0.8991130839309552       11.25296640388819
-0.5863119807177679       1.0282702258986656       11.876255404199432
0.3823654202545466        -1.1320972576079538      7.671867294189219
0.4377125957988251        -0.8991149445310395      8.748067007028942
-0.2274090882005394       0.9737993153642074       11.417714000808877
-0.38372795329415005      1.1316973094262868       12.327032870270783
0.5844101541346147        -1.0299902011993374      8.11842535128627
0.6237792660306649        -0.7816005548042074      8.965849367793862
0                         1                        11.483063293293533
-0.12248231138430803      1.2204657760056967       12.872171016127522
0.7796514362042091        -0.6262137319036641      9.209137511078213
0.8728386434525084        -0.8122711620118538      8.722240697956904
1.0027606536630493        -0.6211105093301503      9.098963822223867
0.899119060832621         -0.43770414031336896     9.466986089167419
0.22740170280165262       0.9738010400296916       11.417637527375044
0.18351138976302916       1.206367307804459        12.774120269481969
1.1060324895182045        -0.40945625031866273     9.435829148098945
0.9738005383336292        -0.22740385120119241     9.729447497817153
1.1661025919300827        -0.17462797056013218     9.766551778115982
1                         0                        10.000520894463936
0.4376936702608554        0.8991241577299441       11.253020308049281
0.43755910484687977       1.1047446136515204       12.192879917145554
0.6237817702323996        0.7815985562459375       11.035194271108791
0.6580117749377661        0.9848995343878677       11.729456670246526
0.7796600322735768        0.6262030294362725       10.791865431318437
0.8523563811051078        0.8230835063001561       11.300036377192185
0.8991214702162085        0.437699190993362        10.534038039968985
1.0062077320212126        0.6250399678815248       10.910604174928793
1.2254465268890946        0.11464641979471708      10.156276217500244
0.9738023339855035        0.22739616163072368      10.271592706639295
1.1282024253426575        0.39382310488069794      10.545278063957857
-0.36097876329558465      -0.22613436237435341     9.563686098078204
-0.4494507061124643       -0.21907547278280007     9.583525549444472
-0.39042183555636684      -0.31236323458562987     9.39820733183426
-0.48656958901289904      -0.11510879657010833     9.783334735560754
-0.37706840713104045      -0.13426425243931556     9.742284389587736
-0.4201735260211338       -0.044888606967969154    9.914850758786136
-0.5                      0                        10.000541665255827
-0.31236228542449446      -0.3904225949460233      9.236337509212433
-0.2860681397120547       -0.27916548126148544     9.454884261138092
-0.39704723038244266      0.046443010239911625     10.089497741797878
-0.4865686788481499       0.11511264380582166      10.217683765974426
-0.22658379255565483      -0.35462530356847166     9.300686020985918
-0.2190743997688595       -0.4494512291293839      9.108247581145804
-0.3999496723586556       0.14159802793093873      10.27192509376548
-0.4494512291293839       0.2190743997688595       10.417499627016428
-0.11511264380582166      -0.4865686788481499      9.024529012376279
-0.13567531472421782      -0.37295891806508197     9.258516940809601
-0.3387197543746866       0.2093073439167747       10.40597033276559
-0.3904225949460233       0.31236228542449446      10.60282671728284
-0.050654423850324495     -0.4126367876943561      9.174863689133906
0                         -0.5                     8.993592755807478
-0.289999098667745        0.2977345064198793       10.582574238728206
-0.31236323458562987      0.39042183555636684      10.764710141243777
0.04435586120315895       -0.3977273112142072      9.205280029876219
0.11510879657010833       -0.48656958901289904     9.024523147956572
0.1354529768057275        -0.39535681603317097     9.21299317084906
0.21907547278280007       -0.4494507061124643      9.108245586871336
-0.21907547278280007      0.4494507061124643       10.892798103452584
-0.2100665838276573       0.34300522286102625      10.678118727283108
0.31236323458562987       -0.39042183555636684     9.236337007946714
0.19838496270507153       -0.34654786025781825     9.31510610381695
0.3904225949460233        -0.31236228542449446     9.398211058688773
0.2797270408789609        -0.2903000959284411      9.432457226790135
-0.1371983811102289       0.40058646581533597      10.79861582595065
-0.11510879657010833      0.48656958901289904      10.976548587219327
-0.04332627862696256      0.401440017246306        10.803387801821968
0                         0.5                      11.00750061677025
0.050623114512619326      0.4167252902148565       10.834572615411746
0.11511264380582166       0.4865686788481499       10.976493617446161
0.1335452691375571        0.3749655290343442       10.74668872041181
0.2190743997688595        0.4494512291293839       10.89278544958338
0.3436019409642757        -0.22158666252552534     9.571438010285108
0.4494512291293839        -0.2190743997688595      9.583537085416154
0.3944537675017814        -0.15080897161828727     9.711160205225687
0.4865686788481499        -0.11511264380582166     9.783352407384857
0.5                       0                        10.000494623444679
0.40158245080937577       -0.06452969749996143     9.876964984586683
0.4110437767117595        0.02949550221492875      10.056888925797978
0.48656958901289904       0.11510879657010833      10.21770112449821
0.4494507061124643        0.21907547278280007      10.417509244318847
0.373626824184524         0.12205154078574453      10.235348311663246
0.3500744984340781        0.2131225078855333       10.412735095559455
0.39042183555636684       0.31236323458562987      10.602832184108262
0.31236228542449446       0.3904225949460233       10.764698495866105
0.2768673065383102        0.2781670589214044       10.544780301323769
0.2203562420457842        0.3508071650470407       10.693111576856998
-7.615953712338844        -4.601942690675706       9.047828607087382
-8                        -4.411764705882353       9.063143007996706
-8                        -5                       9.047298435539744
-7.407407407407416        -5                       9.031149916433858
-7.561347969226016        -4.114738591824122       9.074504429072503
-8                        -3.823529411764707       9.110250135555201
-7.1110131850607825       -4.483210155672055       9.023450354441708
-6.814814814814824        -5                       8.982266603704424
-7.538334380602256        -3.533268384985803       9.135683612989778
-8                        -3.2352941176470598      9.187333605205302
-7.101256554332198        -3.8368586247248873      9.073518373336432
-6.679613718806478        -4.093258848328584       9.006420553628992
-6.5039258304865175       -4.527845882844359       8.954207081574403
-6.22222222222223         -5                       8.899409578792802
-7.518351213929124        -2.951338687951001       9.225772730433578
-8                        -2.647058823529412       9.292182627211993
-7.041400631016076        -3.248562989806928       9.147934785566084
-6.5353739214392705       -3.5527248344986844      9.050225503421677
-6.19044670800977         -4.060882290637522       8.93907412285843
-5.923633519913393        -4.526638778291708       8.856023069549634
-5.629629629629637        -5                       8.780602639125622
-7.517323792596018        -2.3576505127247356      9.345354227217188
-8                        -2.0588235294117663      9.421619322671248
-7.031613759486986        -2.6538684937130625      9.257030698448874
-6.540168600599629        -2.9335767222537026      9.155119711806812
-6.114745468801729        -3.1744409705443526      9.050980742910461
-5.9295815911882315       -3.6100493988667175      8.946924438517518
-5.62527145139497         -4.059737327027621       8.827918848785314
-5.337007567818663        -4.523471308116751       8.72076925715425
-5.037037037037043        -5                       8.623394224863816
-7.521693935996428        -1.7670321889474576      9.487706031033225
-8                        -1.4705882352941193      9.571484415233787
-7.036778305880927        -2.065797082690372       9.392110668161868
-5.613568045012288        -3.133236332616227       8.966942831197157
-6.5356600129001405       -2.3662849668516373      9.278884773679023
-5.986702464651422        -2.654966692898777       9.139947972769356
-5.332276063443718        -3.586373488278233       8.819905060560686
-5.0424631565910625       -3.0954335659987784      8.838690571018914
-5.038683109377009        -4.051008838551842       8.676559993743169
-4.742586950561312        -4.523483892278065       8.543806226998724
-4.44444444444445         -5                       8.425323851628029
-7.52314283199155         -1.1780058035304526      9.647941966973908
-8                        -0.8823529411764723      9.736708258081332
-7.04505603435458         -1.4747594260128774      9.54976457561027
-6.569063898756392        -1.7740544822554178      9.436923593660973
-5.354033557058689        -2.6432237178868077      9.025654230091549
-4.761795974742748        -2.563301233513555       8.901772268526344
-6.083146585442988        -2.0512048014146336      9.31036829884328
-5.629228421148632        -2.2205295339633224      9.196059801604877
-7.524056777462938        -0.5895633490674755      9.820764199208353
-8                        -0.29411764705882604     9.911475855862035
-4.744089027098744        -3.568775466608212       8.654881128524778
-4.454316392359571        -3.0844689833291326      8.660392594302488
-4.446514954557608        -4.0459633981370215      8.481953486286494
-4.149097837116587        -4.522815027689307       8.324689559152185
-3.8518518518518565       -5                       8.18483844596855
-4.164963630031996        -2.6180695391331654      8.691953880096529
-7.047655669944588        -0.8849198795961071      9.723219442194868
-4.359240843336131        -2.1567892163301865      8.923932289515458
-4.723731650162648        -2.1173306943248416      9.04013638012983
-6.56987453876291         -1.1793419500122364      9.613482742769484
-6.090716624120027        -1.4650741746420346      9.48832982568919
-5.121329924507769        -2.0777690934343407      9.145385834013686
-5.607691828125245        -1.732076472808329       9.34518701286283
-7.524911307841354        -0.0014342953633868043   10.000039068071812
-8                        0.2941176470588207       10.08948159773287
-7.049959434131027        -0.2968337858554448      9.90632475131419
-7.525813756676057        0.5863384808896258       10.179206876209852
-8                        0.8823529411764666       10.264248786715275
-0.3305535502690257       -1.959365589125215       2.962409812273217
-0.4351574547526665       -1.9616143061019133      3.8127746328898797
-0.35285147599668293      -2.0439598220293105      3.0653182009767446
-0.26725456457808844      -2.1000458019271657      2.3404387909565822
-0.2517119105533174       -2.0023010977037607      1.95567718997126
-0.3526342761847593       -1.8782002666029893      3.468219339564014
-0.44541256604560403      -1.8472580501241798      4.220144250266681
-4.1527576429753825       -3.5681421305742007      8.441542855092235
-0.5358913882591481       -1.9026717404688394      4.554775056105694
-3.8598946423891487       -3.093492471568304       8.425251385601443
-0.573240360640053        -2.01733341497386        4.548364262118675
-0.46817867102065824      -2.0933750057707976      3.919875495124987
-3.8531235646179045       -4.045776677640387       8.24103612244569
-3.555807675743093        -4.5232373119181375      8.061926255771658
-3.259259259259263        -5                       7.902968683927703
-3.5643452505686306       -2.6195563839168745      8.439122386875772
-3.834384341310406        -2.1580833967703477      8.743020497013047
-4.095623402409281        -1.6943754153890576      9.045406564933758
-6.574249276645311        -0.5910762078335136      9.802858649632364
-4.6774768615281275       -1.7037926350163763      9.18923495329257
-6.098136862701782        -0.8810238293457876      9.68467598730962
-5.625114803242837        -1.1618675583103615      9.547690308775417
-5.1579233360798          -1.4452067547008547      9.382163182340319
-7.052232299972133        0.2903728731938647       10.092569976963091
-6.578509761651722        -0.00454363150667383     9.998951424106933
-7.526563667313428        1.1737037225638527       10.351731562283364
-8                        1.4705882352941124       10.429471901979722
-7.054510793606602        0.8769952193562891       10.275141428766355
-0.3651096267357184       -2.1474702819124802      3.2964023855690194
-0.28792365244372753      -2.1871173380500677      2.884553561247465
-0.15                     -2.05                    0
-0.19666215675905835      -2.1699266683785154      2.151651845551316
-0.26041263385770247      -1.9107524531881006      2.4459836956746597
-0.15                     -1.95                    0
-0.2822846499013766       -1.8353291389210837      3.171969464054226
-0.5622083561382493       -1.7779940568799397      5.0462448496876595
-0.3493982486664218       -1.78507329543134        3.945368324583345
-0.43323659887328625      -1.7500375635411725      4.574246801020218
-3.558891618862483        -3.571748982762978       8.17528205473449
-0.6954384035507923       -1.902880876361976       5.270518382390118
-1.0392326708324087       -1.509540821253893       7.043754171672804
-1.1660212626819961       -1.712636611092072       6.865940789685317
-0.9321794641646546       -1.6407120903533259      6.542535389684732
-1.264827874388144        -1.4190077965661005      7.543034567537615
-0.9191234688081293       -1.8342318530045556      6.113687263694416
-1.5741330824847208       -1.6541217977755471      7.551536175942197
-3.264093319536834        -3.098968809693469       8.12890626355007
-2.968762756820253        -2.628834506744106       8.109674230670906
-0.6996780141741239       -2.075224580888115       5.061668639930641
-0.6044136172188922       -2.1687162213435545      4.63595899406721
-0.4785157026203608       -2.221434362058373       4.0869180350917995
-3.25967443693939         -4.048705769811942       7.951815762582393
-2.962197709941916        -4.524639856098502       7.757459729644083
-2.6666666666666696       -5                       7.586185707377591
-7.527090072223576        1.7602031573160863       10.511353713887987
-8                        2.0588235294117583       10.579335906857247
-7.526875156912624        2.3462909704534267       10.652770570310482
-8                        2.647058823529404        10.708771319177991
-1.2169583685685215       -1.1207393285418048      8.09525082681584
-1.5860958573891766       -1.2209224859383505      8.184914314526411
-1.1094546499528615       -0.860701425744228       8.601818875926584
-1.4167944926405478       -0.873257838707733       8.663390003834811
-1.2591175847722533       -0.6461798048133401      9.027547544881678
-3.2395457750414787       -2.1403579805988393      8.486127450155317
-2.6999567207527386       -2.1640241744017414      8.15422752055006
-1.8921447177541715       -1.445907776904765       8.124958453269157
-2.0181243035668337       -1.7667452048381245      7.897734790532076
-1.9938598315222595       -1.1450777771954954      8.558566877334087
-3.5110330291677783       -1.6679500084385184      8.864141932668728
-4.336924218879557        -1.3075974218830604      9.294636432926758
-3.8546811202336837       -1.1720398138958568      9.259184174167038
-6.101858553571056        -0.2983170998772643      9.892192696051369
-4.750551812653031        -1.1280784300178488      9.453828758263265
-5.63087881401115         -0.5800951078595223      9.769995428281115
-5.165374786421792        -0.8676563386178708      9.61910547855976
-6.583408768807317        0.5810641717002619       10.194541857513444
-6.110943270293366        0.288232967457335        10.104945405291174
-7.055822605051362        1.4626322651849966       10.447310419389247
-6.587363212452865        1.166585783253571        10.3825594694391
-0.35861565356999914      -2.2560109018461887      3.5533952384115426
-0.2521049378628343       -2.2621436212091504      3.038347103169801
-0.14929629015855825      -2.2553337704976846      2.551263578832421
-0.05078330470032263      -2.05                    0
-0.09277295695513874      -2.153493111855071       1.433619519094343
8.4549342286298E-6        -2.138659321550393       1.1184416152847756
-0.19798606410239344      -1.8403822521003192      2.475664955966718
-0.05078330470032379      -1.9499999999999997      0
-0.09833543414091084      -1.860498022683317       1.5982953378927787
-0.7101515456030574       -1.6678967400848164      5.91601006067984
-0.8263926107095261       -1.4792604225452923      6.755697201410093
-1.006742142217722        -1.2960871857126741      7.514567313511177
-0.9208164011677882       -1.0555439665134532      8.08676051305966
-0.2551379011322423       -1.7638539674888387      3.548551221305702
-0.4840619593437185       -1.6264452391114275      5.363389869504159
-0.34517395664912526      -1.6870558294116347      4.519491105110945
-2.9639227034771576       -3.576317074084635       7.8503685434400206
-0.8677756912327858       -2.0448137482337025      5.672329815648124
-1.1202396707684847       -2.01846373830974        6.35553344146959
-1.3808943996698213       -1.9463353720160699      6.9300533802300235
-2.4122074973444945       -1.8265207833513917      8.172277922042479
-2.1722334251830304       -2.1834583064957047      7.721860152201423
-1.7109447910791769       -2.067269648286285       7.300387701469339
-2.375800036095334        -2.6437720946543246      7.67495890877433
-2.6688354389265054       -3.106327597199387       7.755901040518936
-0.7719886211702347       -2.225186064637391       5.270038831110174
-0.6199651493021068       -2.3196638580547955      4.7854555267220915
-0.4642160381117315       -2.355332045651952       4.264532670037043
-2.664277381306553        -4.051746795148873       7.614428411416131
-2.3680536226448563       -4.527521356146179       7.4203486258595985
-2.074074074074076        -5                       7.250683517049531
-7.524314107750701        2.927023301573244        10.7705771229879
-8                        3.235294117647051        10.813619542215624
-7.520053719583547        3.49127265884537         10.86037130441403
-8                        3.8235294117646963       10.890704412285281
-7.055734630128761        2.0468456720378985       10.603028558825038
-7.058341574055326        2.626171201308585        10.736290388694337
-1.7440873128593524       -0.8883308834389557      8.772267121082388
-1.5524853264947323       -0.6348159056958036      9.088575965938803
-1.3632081176855326       -0.42383820593961485     9.392103849472202
-1.2164810310246694       -0.2733170880253931      9.622947163548403
-2.8581925306220897       -1.6047653587391617      8.613812675914227
-2.3471673930431267       -1.4231670713624245      8.473330818922763
-2.08779378753066         -0.8463786625739362      8.967735622329258
-2.30586992055707         -1.0457597829545406      8.832623473089521
-3.3195436908569493       -1.1690751762345304      9.114137461914991
-3.551936095847806        -0.8226876743737263      9.413809283517335
-4.308672381814284        -0.8409096851494787      9.531167277871843
-3.8852526534452556       -0.7009481040921919      9.551089470185403
-5.634558781014161        0.003566999237493036     10.001908945083052
-4.70039798950269         -0.559452347297241       9.719394736380371
-5.160478434141429        -0.27472479273208733     9.877788247077023
-6.120164384712681        0.8694976449183558       10.31102404219648
-5.647984371095171        0.5790237291505757       10.229683210511693
-6.586587003945371        1.7501177278659974       10.5559455959978
-6.126311738550127        1.4589798230430313       10.507419958036634
-0.3281142587956908       -2.3648838106620014      3.7829372871294145
-0.21754956660966113      -2.356893526043739       3.3752372443645924
0.05078330470032379       -2.05                    0
-0.09518483852984065      -2.3497659537909326      3.0430882681461813
-0.04150443935508732      -2.2397804832673054      2.169808581564638
0.09982998685497028       -2.142928812066141       1.3368769675776726
0.04717855415788655       -2.208837520699757       1.896853252398675
-0.1439985611230794       -1.7671003077808385      2.9723926527798885
0.05078330470032263       -1.95                    0
0.0025826844107805034     -1.860797696017543       1.4225832605314788
-0.0501561605676583       -1.794716431459819       2.3806475023035327
-0.5895182718562063       -1.454851547021962       6.389133045724171
-0.6890881931396972       -1.2443809849888234      7.348105959924433
-0.41954235258486217      -1.4787093594607998      5.927719359313302
-0.21198592635105767      -1.6681829812878162      4.1436641278362565
-0.328540471934616        -1.5688659363712447      5.196214099703095
-2.3677680358013022       -3.580528038790619       7.46181312977845
-1.0352838227142134       -2.2777948002892985      5.985605996548556
-1.3596466429340521       -2.268861237278767       6.63954206262552
-1.7606368926366034       -2.5840959713134963      7.083969719075875
-2.0726664502465066       -3.109565650712413       7.287189271952285
-0.40887432107027527      -2.4831111650000843      4.381014231158368
-0.8092622383566237       -2.460224695859578       5.445329507168844
-0.5913946783347981       -2.4870897587779255      4.895030968020951
-2.065902496862261        -4.056833504182273       7.2369892527912905
-1.7723751588917396       -4.5298058142743445      7.071827786755995
-1.4814814814814827       -5                       6.9272124481150685
-7.463161174804897        4.113793152045382        10.93064776230502
-8                        4.411764705882343        10.93780762447428
-7.592783799806158        4.619383740069493        10.954588038550762
-8                        5                        10.953654046711621
-7.055032290650232        3.1887349818386217       10.842228744201707
-7.077865600667341        3.6591443060748623       10.908624761553543
-6.585304643825109        2.332180942122391        10.708925653488434
-6.602788615064544        2.9159513398259307       10.835331462231489
-1.8739467293915342       -0.607274842568811       9.20441970423226
-2.147852979309208        -0.5977995619580673      9.285984052055493
-1.6624467356229935       -0.3725777454621159      9.488689424543857
-1.4247035189083987       -0.19252565120674323     9.731186207089698
-2.7550029863722          -1.049042157048249       9.015146552755764
-2.4130894833151166       -0.7508529164238149      9.187742232810232
-3.1867624698353247       -0.7006024755328776      9.429724322490744
-2.358982132542982        -0.45425315052877474     9.496404620061552
-3.566652421571466        -0.3807050996801222      9.72644325201095
-4.144321247759039        -0.2883982473617758      9.828493334819116
-5.158679083840472        0.312253294079776        10.139946659651565
-4.672989274226564        0.043053410095614725     10.022429169317734
-5.667325922538187        1.144856059611379        10.442931940665035
-5.196234784172155        0.8557354095991151       10.373882489023577
-6.110090309068891        2.033165290549578        10.682230262955763
-5.687187843483656        1.7083617982530712       10.637008038436626
0.09447640759312506       -1.850720178457008       1.729261327740091
-0.27484806495758324      -2.477497135175681       4.018826929352421
-0.15892051970118254      -2.4369526456268575      3.6121327123423286
-0.044875237239184226     -2.477039845634079       3.669696074115627
0.15                      -1.95                    0
0.15                      -2.05                    0
0.19450078821465164       -2.163583574509626       2.0866030757296454
0.04103702188462942       -2.332595451675927       2.870875686738558
0.1327404399158156        -2.2462735086251238      2.427421306909501
-0.05744463980279247      -1.6732575254070285      3.7431990976247853
0.0400516534280012        -1.759645911271996       2.797919593270541
-0.4306978678962846       -1.3172706660862352      6.7725290839927235
-0.26489319189348504      -1.4261134087131302      5.9543985854983035
-0.15383986488083956      -1.5470371988013916      4.962274763272998
-1.7698097213651225       -3.5910104478584124      7.01244552132201
-1.1514713952756508       -2.6850646919964656      6.210793647443127
-1.4787988709983189       -3.124035921321889       6.707837412051845
-0.3307760320373238       -2.5979533161296517      4.498763904076348
-0.4640369621007798       -2.6159797839675285      4.806554948904682
-0.6774358568446037       -2.758012348117961       5.429411880399236
-1.4668280056515448       -4.067148403223774       6.8489406870872145
-1.1779112726362158       -4.527331622093839       6.753195212827214
-0.8888888888888893       -5                       6.662661800974611
-6.824762041167283        4.06895989323829         10.97594644539751
-7.093350416818486        4.571360842419738        10.98289078222552
-7.407407407407408        5                        10.96980411530653
-6.547030573047273        3.5127749976479916       10.943569513464016
-6.105386079537674        2.616443516203567        10.834153514059269
-6.164036435108074        3.1091800984922613       10.93007992353213
-2.0492064135680605       -0.30392966270876043     9.625566740583329
-1.7111303076897022       -0.07308220465296227     9.902103704440476
-1.4298350012903656       0.0608997975963139       10.085224816360023
-2.7410027162433788       -0.48241622440881543     9.53503375889372
-3.1393444674596966       -0.31652521684187035     9.735435287247284
-2.443759070279145        -0.1362673871444157      9.853477512217369
-3.316942348628608        -0.04203414364237586     9.967372633534938
-4.2017626550573945       0.3255418268700668       10.19109136242753
-3.7124935797658285       0.10287869802561353      10.071225553589619
-4.652248281362102        0.6812224715742693       10.346223076014594
-5.226953715063899        1.3984480787939708       10.590445417427743
-4.849983975799286        1.1534556987348268       10.54380652101528
-5.553204216078902        2.2916452329094663       10.838701353651702
-5.233173944267381        1.855086042936639        10.757638202589725
0.197211188004394         -1.8373315968288721      2.5032527868314194
0.15097782226779335       -1.7529088850740306      3.1490506328785277
0.2638441154036213        -1.906075176207805       2.5129231895782813
0.27688549145264946       -1.8313460950150937      3.1592519854388095
-0.16222553191283226      -2.6152033702060606      4.30142514790539
0.005361328348070616      -2.6023115668632597      4.169520427765496
0.09755452502367104       -2.49334953150925        3.7803671041835396
0.2578259070376741        -2.0009064862316657      2.042832268591988
0.2668186947987485        -2.097831381212739       2.327316772469249
0.27994197131932524       -2.18391510725925        2.815773720962559
0.23767285671401234       -2.260571856503022       2.961054226090594
0.1762234316687434        -2.3691238362962688      3.320645097054698
-0.0034747043060265456    -1.5432206268204722      4.870423291633059
0.10645463325241851       -1.629524896764091       4.215754485243914
-0.05670025499705971      -1.4025827142086569      5.928116100408449
-1.166894468630802        -3.607951168919507       6.53594778639989
-0.928396245099226        -3.12401588906391        6.089900984432901
-0.3443344331090585       -2.7980240216500554      4.981156555937132
-0.5479328833217723       -3.0511779798049288      5.6038707287767355
-0.8686871203876354       -4.045603921544459       6.500391543721409
-0.5791020290353631       -4.516912668576948       6.51930593524749
-0.29629629629629584      -5                       6.511140855671852
-6.245758051148979        4.027640600940364        11.049532003329565
-6.528961731071559        4.520081073914081        11.042903999049576
-6.814814814814815        5                        11.018683085688906
-5.919539561891009        3.526565136839171        11.04341019572587
-5.611154033794014        2.9714574199919856       11.000418183472336
-1.3801108703874865       0.3274016584350319       10.46434228800868
-2.029314655588556        0.07231150503462251      10.090117727768925
-1.6892820402098951       0.2236540596356217       10.303990179228608
-2.885362381019708        0.023131859054839148     10.021808256955646
-2.427530417751627        0.2416862868280118       10.262642181135973
-3.2874871422375342       0.347858362225465        10.276665902101724
-5.157716397366093        2.643701256163589        11.019998138486411
-4.185126163308794        0.8066977061415802       10.468689786765765
-3.7580361690963016       0.6545552779337129       10.43883076399939
-4.417115504609428        1.1900832641735173       10.632394503256592
-4.72781582012273         1.6731934636287933       10.788187897040203
-4.967720905034608        2.213301306267835        10.934694417784762
-1.2729676102006908       0.5875470219897165       10.872477151270674
-1.1344835760347196       0.8229713015894898       11.317007284257295
0.24954525590158383       -1.760175645300837       3.5477384242909635
0.21812779977127028       -1.6800551408305244      4.0673357604538385
0.3247413956467191        -1.7899287236265031      3.7682392038377044
0.3500254112210054        -1.8649531210769368      3.5122428677723687
0.355153911672726         -1.9531346059545536      3.2069256678242355
-0.023256614088489634     -2.8191831009223547      4.810441916677688
0.14534567585000358       -2.6689097907874624      4.452217357989301
0.23815187719733286       -2.5150535628139923      4.071776875612685
0.36250149414782346       -2.0503449207310007      3.150637477295272
0.35651898325291537       -2.148484317162913       3.238687196520395
0.34538282390949315       -2.254176646548438       3.4795581662738293
0.30404203909363015       -2.3781970732810884      3.746413566253604
0.13651825589590624       -1.4468557260290222      5.666626641264579
0.24736812376343256       -1.5675902322435356      4.996659617193553
-0.5539175446744669       -3.500397849269485       6.046066462589187
-0.20461286345594487      -3.126848785704297       5.454821924243142
0.09617349761591462       -3.0579577310833175      5.309879146802979
-0.26218185604142075      -4.019364282397216       6.278020869743751
0.019354662992668942      -4.509175153418876       6.435102343467455
0.29629629629629717       -5                       6.51117086893679
-5.637895607404345        4.024799957946338        11.166525562710275
-5.933584172879283        4.514669982544626        11.142345302031769
-6.222222222222221        5                        11.101541391844366
-5.345721625324261        3.5322032882996424       11.168848795506099
-5.031715895908533        3.082129344508026        11.162155429400771
-1.5893613782335003       0.5433497614907659       10.768003089766593
-2.000312263547283        0.4605947184258712       10.578630168056577
-2.83855581100347         0.5318631474463094       10.495024804075358
-2.39408946102106         0.6132016000677204       10.670891760378389
-3.230997302603216        0.7884443796915993       10.630490451498941
-2.926941932123433        0.9573669282137302       10.847979582845156
-4.70895397801168         2.6635176295740983       11.144332699357056
-3.929979705094836        1.164985365600248        10.71994931436816
-3.5339551337682678       1.0798156948227633       10.764838365772965
-4.148846624110303        1.6474832709189873       10.917948760515436
-4.425733231774945        2.15292523782727         11.055626663885434
-1.42949018220317         0.8355942112411912       11.268682986156497
-0.27623476799173785      1.8248557809069719       16.798503715838798
-0.32572897002224166      1.7799664417144916       16.16368765070293
-0.24967657938761503      1.752371122135162        16.38916369036559
-0.9696075917108473       1.0203978829886584       11.803926427188289
-1.2455791283367          1.0765121749285982       11.797108955456027
-0.19650111398935         1.8315469139730176       17.441716111669624
-0.2637044179454445       1.9032905731887464       17.470261026780097
-0.7648133870362472       0.9632651116870838       11.674098743653095
-0.33576417639092543      1.6824148085693293       15.492201336654714
-0.14917716066752237      1.7463732463684192       16.791308011910775
-0.09297965483003824      1.8485382005423174       18.2447620051627
-0.21680654762348228      1.6717170443944878       15.870663606977548
0.3362931636711231        -1.6900760447701273      4.462735608949244
0.42325949347570896       -1.7849227704319206      4.358947756561712
0.4472692861340082        -1.8950484930868914      4.066511285067818
0.4491055859014836        -2.001647623777648       3.8425982780701227
0.24849919692099656       -2.8656125225593843      5.022578616052557
0.31314944326282623       -2.6616118003006863      4.632970075676216
0.392025247215568         -2.519237577521112       4.427987093056571
0.4581625099069696        -2.1166127883232506      3.867108032782706
0.4587357407945425        -2.2275007689814386      3.9981139624128015
0.4399803158533373        -2.36245595475685        4.189562994430854
0.3964799424009934        -1.5669478685539722      5.396390311677198
0.35035345411670127       -1.386047270261082       6.309223030291513
0.08330827985006722       -3.479090778059324       5.859414582427398
0.4068384696659262        -3.129555136983766       5.577210037617285
0.3429142548994401        -4.0089550710071435      6.2895811112015565
0.6144976081333562        -4.509818898531946       6.528060478331713
0.8888888888888893        -5                       6.662700046808733
-5.045395175741075        4.032421303844654        11.320332160102277
-5.337375057441459        4.515299435209573        11.279638076161715
-5.62962962962963         5                        11.220346526502658
-4.753721042983451        3.563541216849338        11.3420541894687
-4.446682575065637        3.096504959467508        11.346191713281572
-1.7767970819268704       0.8447588962200393       11.15327718486043
-2.148801098197751        0.8914603126186641       11.063047699050744
-2.575143299895295        0.9198769663590067       10.931576310966598
-3.181407315668934        1.2245302756943          10.971917891466482
-2.80141606696942         1.2760452573975363       11.16048093716973
-4.150841971625274        2.6213282258044237       11.315303158389163
-3.569355176378049        1.566563175193956        11.056961774819856
-3.8503667932859567       2.09851984650829         11.225509428776858
-1.5577523184865392       1.1384261112285372       11.707127103988293
-0.3550005423163899       1.860682789617111        16.430830499879878
-0.42643680687669167      1.7719647581268088       15.564692138464467
-0.7809253930141474       1.1756035260953772       12.34377573301339
-0.48967469078012965      1.670274850351852        14.81934835348652
-1.0446597018655952       1.2766236024458186       12.398342444355135
-1.3403389846815141       1.3648324313814735       12.274041124036897
-0.3590952461097954       1.9541313864053524       16.76245388299965
-0.15                     1.95                     20
-0.2584057366975389       2.002015935163645        17.951618758021834
-0.05078330470032263      1.95                     20
-0.003038480664179008     1.8594279661172664       18.557902345593387
-0.3945089307346425       1.5729511091883628       14.643440445454669
-0.5498647412903608       1.4953386544178378       13.86687842707664
-0.5833138369450867       1.282842770645075        12.906325063671103
-0.24757470467187626      1.5575319060180164       14.934349209202823
-0.037698647988697896     1.7564269631386877       17.167783913252546
0.049853718938991994      1.789746224071442        17.55795069419926
-0.10140042018595094      1.6176392340268428       15.68940634794184
0.49233982475639493       -1.6725293312210283      5.181341611484572
0.5504553897265075        -1.8056545323173447      4.904008268909396
0.5654971312708171        -1.9463730893568283      4.6136227713394575
0.5356151811015961        -2.0576591277139116      4.317283489529584
0.5417252191302304        -2.739245547821479       5.168089497864963
0.5470348272057322        -2.486420854154302       4.771564046210034
0.5788538036700999        -2.1673488071001747      4.521586935970238
0.5959500707462829        -2.3241219247576907      4.704021212311871
0.5377207226832281        -1.4977056804272517      6.096588872462206
0.5705947013347067        -1.2814396097317022      7.087472839327535
1.2042695396820462        -4.512034350636599       6.764168340354085
1.4814814814814814        -5                       6.927219085839568
0.7153512120368212        -3.049637582892717       5.787279075761177
0.691419096960135         -3.476450075282421       6.115225866212418
0.941125610533348         -4.012210139127505       6.526435263908602
-4.454168555068444        4.039636103995548        11.515434956885173
-4.743502674969513        4.51903996930035         11.456579133468468
-5.037037037037038        5                        11.377552180535021
-4.164940039653465        3.5639529764220406       11.55372820878298
-3.866004032910142        3.0838100148647203       11.570420717768165
-1.9184838888463875       1.2289279918898917       11.592527607529357
-2.348048319976882        1.320762849738849        11.428608737591789
-3.0467327066179193       1.6639743223182482       11.333723943998207
-2.647362687252051        1.591718588949243        11.492830727329688
-3.573138237946919        2.5920593367161495       11.54745417346207
-3.2880511406300306       2.0955870163008172       11.467684340516941
-1.66006238012686         1.470138559820609        12.113518361864964
-0.4553247401325844       1.895290741575285        15.88486411051687
-0.4595117207793769       2.009277546741045        16.098087171653294
-0.5594363786468802       1.81358592243163         15.082062506488668
-0.8129234277663407       1.4552931641801852       13.196917195490146
-0.672093321183908        1.6853459985485362       14.25288082397306
-1.4095769729702887       1.6617696763266072       12.671481785442678
-1.123414755962943        1.5642391005395864       12.937104711857613
-0.3627071405049391       2.05419179688307         16.847891063428104
-0.26548603065460646      2.102259798567194        17.669410464595032
-0.15                     2.05                     20
0.09767694892153353       1.8565140265274678       18.34618967205549
0.05078330470032379       1.9499999999999997       20
0.13933114259446475       1.7612911293465656       16.984140365599867
0.1973226246123687        1.837519027970965        17.498935956862386
-0.34513408483999175      1.3856926847131201       13.697020593263364
-0.13406249780791238      1.4434056633127397       14.312639767778103
0.05368941221791499       1.6702509938873196       16.232427075330985
0.00418280530423798       1.5389256902423614       15.096206784013543
0.7655764935786901        -0.9710293003932462      8.30308192401693
0.6542090025353695        -1.6658093956650213      5.75607077265544
0.8686893893550244        -2.7812327781639787      5.778354571082871
0.7201576001867465        -1.8692441141423808      5.42946935637315
0.6805865594905723        -2.0506320321534517      5.004631215622541
0.7605918303539594        -2.49260664524647        5.343493700344125
0.7647405795932838        -2.2329468818328566      5.245982588932235
0.954731441688018         -2.5673386802165137      5.821115748134265
0.7766399733049762        -1.1846506660439848      7.624801145313595
0.792078483514173         -1.4581465828506008      6.758543715775616
1.7897163574176904        -4.516384048837788       7.081235059592218
2.0740740740740744        -5                       7.250674670983444
1.5162414220042493        -4.029030451799143       6.875080686433203
1.0707817614452937        -3.119055618076364       6.250338926381982
1.2792542524872283        -3.5358165813801823      6.603907454086972
-3.864213533150092        4.039301670588729        11.754186919920775
-4.153319916383171        4.519512378165355        11.674344330323441
-4.444444444444445        5                        11.575619144118667
-3.574213320071346        3.55841392227691         11.81558330962909
-3.2862080530982065       3.070600668501289        11.85197973789455
-2.005903113101034        1.6106571021877718       11.961885054810173
-2.3392280968327857       1.7266537361202192       11.803270708085714
-2.6852059182496015       2.05033087367151         11.7897191170851
-2.9929683785229155       2.576703318676204        11.85534914258966
-1.717339101568776        1.8026517051352837       12.450701793697064
-1.4244655849621322       1.9140979985168074       12.96622866521983
-0.5739136492125378       1.9608585471368254       15.370715342550026
-0.46096145590681814      2.121372063472295        16.114250995442106
-0.5450912648362751       2.0698062806248045       15.639616685368598
-0.739198235722119        1.897766174501836        14.558076763179045
-0.9411483984869597       1.7722573016302405       13.716787669038181
-1.191841030519509        1.854658262565883        13.300837978960379
-0.35368252168718706      2.1547810236072444       16.767055513108016
-0.27679275741318576      2.1883049654124065       17.18616478371923
-0.19186214360544884      2.1646050337796243       17.924137830811954
-0.05078330470032379      2.05                     20
-0.09646429995319852      2.144250017086084        18.660279916129753
0.05078330470032263       2.05                     20
1.1539650167820965E-5     2.1386306695272856       18.882038657865106
0.09298497494690487       2.1511097034563536       18.593373395482704
0.15                      1.95                     20
0.19283669255373248       1.6634810549731542       15.879315750808553
0.2456288216760932        1.7536124583236525       16.420321196246245
0.28322324292443957       1.8221749501614766       16.727152986327027
0.26755254817473034       1.9040276387496236       17.435700638366484
0.048639982850367115      1.4025297733183808       14.074918769769427
0.13557243122782925       1.5431563250793079       15.035620492212741
0.9553341720280311        -1.0295140040234325      8.168662494971597
0.8963473496291156        -1.7456772266941285      6.225816435848585
1.1931836034665504        -2.6635931429003947      6.275881609880828
0.9266018501780006        -2.0255007581435414      5.8644186870945845
1.040809441972326         -2.344453117521612       5.98284386916834
1.0244613981262594        -1.283306312587096       7.565400817938637
1.093941031985271         -1.551949844431568       7.041033542529818
2.3761549758825358        -4.519020968043491       7.42516968637237
2.6666666666666674        -5                       7.586178408019059
2.094194260266109         -4.0347912622492075      7.25529884600025
1.8232610358627803        -3.5416483418395197      7.05273810147543
1.5563548110131276        -3.01856646948269        6.784441475138011
1.5345654781150109        -2.5676208965547382      6.7988913129505715
2.9652937728814766        -4.5226258711396286      7.759221979705527
3.2592592592592595        -5                       7.902965291294618
3.55558100642858          -4.526244972183167       8.061651250259994
3.8518518518518516        -5                       8.184835817633731
-3.276295596112851        4.035541486802581        12.038934636711778
-3.5625491629304333       4.518651181461697        11.935530054649888
-3.8518518518518516       5                        11.81610035796549
-2.995355486308942        3.548892613948847        12.127209966261965
-2.717973200328309        3.0579266917032513       12.198523369976725
-2.0522568912545127       2.114807770421779        12.350256575347778
-2.4265184628339704       2.567446683935093        12.253407299633075
-1.6049017472750793       2.09599005537697         12.864234649522885
-1.3098945102143897       2.1145959044891045       13.34916599760267
-1.714561366360496        2.36762590675125         12.886659395568277
-0.6849195551579913       2.079424616946351        15.000928599633893
-0.4572336619964321       2.2307288177008546       16.00500062209616
-0.5772785266305337       2.180245177290456        15.482197512082122
-0.9437305645427432       2.095277642474191        14.152035416432069
-0.3399039705444281       2.258947724229307        16.53355774649513
-0.23302912057425823      2.2609312468786635       17.05983156041526
-0.43186785716077153      2.3494408378696314       15.872162354443072
0.15                      2.05                     20
-0.1316892726918935       2.243414342695794        17.598753493435524
-0.04648152558292788      2.2056765663591236       18.134744922758998
0.04079664698235993       2.234401535437518        17.878344665154774
0.19710862651876182       2.163373949210509        17.895613951135633
0.1446015527183383        2.2507041005380977       17.49959061461487
0.25989388843560146       2.000440774668002        17.928914701575504
0.2850831875418719        1.574682112269733        14.958670342316738
0.29753233519042077       1.6780611065953768       15.618027005730658
0.34901022282949273       1.7556177143257163       15.8827497340717
0.3571423224468572        1.859038400390927        16.407134553614615
0.3602096109212712        1.952207835475767        16.74747046453373
0.24175488801231043       1.4275057498076884       14.086783562385369
1.1102172745309196        -0.8442098489387829      8.636860084661032
1.2361432035700068        -0.6225460225878101      9.067897740289702
1.2175537029227306        -1.100474233529504       8.137773350703633
1.1730181777239461        -1.8350558460086264      6.690612428139289
1.3818248177098997        -2.316907342925348       6.653417468711993
1.2105532426500125        -2.1004960886517337      6.472552793106368
1.3172744888331276        -1.37162132992338        7.6901627484197945
1.3524821709153518        -1.64230528168529        7.277993799681878
2.674688982511829         -4.042003728410822       7.621398217322402
1.6862062870420715        -2.322103716686877       7.100627980193389
2.39017302652699          -3.5588581468488147      7.4798299722110615
2.103562548756919         -3.07277872814313        7.320333356491203
1.8903587812974025        -2.6288510543241643      7.217046754238248
3.2592705816087997        -4.048345241871108       7.951641825902777
4.145008134425611         -4.525816596853529       8.32285028200171
4.444444444444445         -5                       8.425320382991329
3.846736257122628         -4.054523462081848       8.237145676245605
-2.690426239313851        4.030766834846464        12.36922655938375
-2.9716271186139447       4.516953220315365        12.238026022380486
-3.2592592592592595       5                        12.097965865190718
-2.427197580027979        3.5400410628510106       12.493051297966202
-2.179591241177838        3.0438758023070642       12.609353203117232
-1.9588480090168625       2.618142157421294        12.707045431857251
-1.1222971996883708       2.360610551056946        13.845910594370862
-1.419775353507224        2.3651993589925357       13.306813289184054
-1.5870418816511145       2.6105556102506404       13.141606676188676
-0.7354702070247594       2.2600866969132483       14.849654516793537
-0.5799950148609256       2.320052588085183        15.359227027227439
-0.8903995992761307       2.3526267324290075       14.382245149216754
-0.5173834410412448       2.4446430998309423       15.386539648702215
-0.9561711711367027       2.540293365112905        14.186229868716083
-0.305403411780458        2.3627445235197615       16.306829311116015
-0.17776345845888009      2.361890105674106        16.71343477965283
-0.39128764274114075      2.479528273851742        15.677007560990694
0.2681545705646074        2.097249916699957        17.66263483427402
0.2855472544788374        2.1814302816105235       17.157283865927266
-0.04113162806709567      2.32609824360877         17.173019607976773
0.08940104676079111       2.338338863917392        17.03701837828574
0.24907277426460717       2.255595188813004        17.010460851527426
0.20941557195561794       2.349761729252485        16.685166877016105
0.3634486380403391        2.0491968025845066       16.842487759712935
0.4533478674220866        1.894718408702675        15.895281059422855
0.3801201799690689        1.4969705313475767       14.25709824584862
0.4151027513509136        1.6429121930846275       14.95759800849636
0.4522941515238126        1.7808078058029333       15.473281403071764
0.4598724010080123        2.005824987758865        16.091449992252006
0.535707800782667         1.949402894267226        15.548900336896008
0.4203516420376893        1.33308373646153         13.320148991559387
1.3271294428627387        -0.38328748507180954     9.453750343815239
1.4015200112933623        -0.13852432485425373     9.807353976145052
1.5043398721697754        -0.6137603116985172      9.111588512831071
1.3766732715491896        -0.879343162149946       8.63813480727032
1.5248331964058335        -1.1743282390163419      8.21322127319988
1.55843634980679          -1.9433656280155154      7.204243600010971
1.6173173398098402        -1.5100727629673736      7.790526610751312
2.967071498191802         -3.5694536076623007      7.853404149227416
2.065884727872659         -2.150520939021569       7.640384987204931
2.678285574821544         -3.092476726204167       7.765992001589862
2.3961385171434593        -2.609942967310748       7.705167972145387
3.548078008406567         -3.5763516572754313      8.169072301976778
4.73637178308396          -4.523652177260822       8.541720924391548
5.037037037037038         -5                       8.623389436991955
4.4345451702414325        -4.050334914038305       8.477032912520697
4.137771006799812         -3.5823515783750324      8.432860460984939
5.33058554673894          -4.521496849989169       8.719177182864454
5.62962962962963          -5                       8.780596314570111
-2.1195814241186635       4.023899807761714        12.729029575521276
-2.3843434406880153       4.513975828255911        12.57090476381502
-2.6666666666666674       5                        12.414745980625002
-1.875668692844382        3.529464636055473        12.906585712579796
-1.6276981784382087       3.009577456906485        13.138334496665452
-1.2138119994530352       2.695670302843932        13.688627981462428
-0.694441850604371        2.5067479007808586       14.81114261763901
-0.4956610411270536       2.572733154009888        15.2080688850613
-0.8604727768871133       2.785647249908237        14.232912538729986
-0.24923800636830695      2.498663017162164        15.96442030441524
-0.10369875112703032      2.481544971489941        16.26580557891378
-0.34632939551164466      2.6515693336411332       15.33910446578147
0.36158838931947057       2.1453502171296126       16.733495749456125
0.3564384148679971        2.2476284089718463       16.484488362891295
0.0390310989092642        2.466579196981083        16.38226099957244
0.15197472757022748       2.437472506758322        16.398365897659698
0.3233008160688483        2.353952909890734        16.27339978648823
0.2705746891625299        2.46814496078178         16.024560830534337
0.47239726777523994       2.1026644092365516       16.05339284944405
0.5621132501639238        1.8523532646979697       15.18444980276256
0.5699858587305773        1.5002776776889477       13.84271962660132
0.5735061146246838        1.71315341440551         14.682125032068358
0.5698987991911414        2.0416356773148356       15.492486503989356
0.6456988779114374        1.9481916030748743       15.015361624559569
0.6913662502665118        1.2452543352328724       12.653997747197307
0.831236877836391         1.4711542927760006       13.212533983690166
1.5578355756365847        -0.3434688494695356      9.520436765171617
1.6093960608476898        -0.12818503108862733     9.824557260548717
1.523263827035614         0.08380200697386671      10.116643705589924
0.913259871986658         1.0386116966102017       11.87109099286212
1.1065285122627417        0.8548539412422242       11.387210840617547
1.2652866428166338        0.6129782551409021       10.915851780112822
1.3993498461272915        0.3451786338429586       10.490367592787036
1.8128265781759947        -0.552984270791433       9.263255089350013
1.715987069421544         -0.901812105379383       8.740611529401093
1.9361193250239908        -1.221533901892693       8.429204743416363
1.9993242113500003        -1.6518120277499178      7.991753082881339
3.2519328152750804        -3.0986861453634598      8.12223917898345
2.398255535094532         -1.7805661445568406      8.197562720797308
2.6541371970753698        -2.161506617985074       8.12398581323241
2.9569322366095663        -2.625582646894647       8.103568713418612
3.8257116241805584        -3.1045570312878006      8.407167594394563
4.389353602775985         -3.10860394642037        8.631550243387279
5.026271771122026         -4.0442667242636015      8.673658737879178
4.714950818819167         -3.571408560800565       8.644992367647717
5.92830672304392          -4.521474494407638       8.857205109346296
6.222222222222221         -5                       8.899402238008363
5.62541672001952          -4.03966789848577        8.830029843783029
6.520712293309561         -4.538165724933636       8.956058409349287
6.814814814814815         -5                       8.982259955121332
-1.5400285863490684       4.017888829057548        13.111778877147374
-1.800655964678797        4.510969604121393        12.913567559957043
-2.0740740740740744       5                        12.750236832267126
-1.2834937363085426       3.531406211058288        13.39444794709104
-1.0308684154146126       3.143014474055232        13.784681690105055
-0.5649793339359637       2.778504928875665        14.735132756517284
-0.702563890777995        3.049652527780829        14.22857111556956
-0.17094537859068765      2.6547008947963007       15.568514059029718
-0.016831296843702166     2.5891662827050146       15.877947840697995
-0.2703475926517492       2.85932184701523         14.972243420703633
0.4753292425697903        2.2138951095087815       15.940081020310393
0.45241692715400816       2.3389084573045293       15.81595453979314
0.15941237030995342       2.6008019948996903       15.749586429040246
0.4116272524869823        2.4635093820297844       15.660583727836064
0.3454791368204116        2.5805651801413          15.51917012833447
0.6042462644800326        2.1600837082096516       15.366953181753546
0.7157336296862944        1.8201575819665632       14.479293718868243
0.7717911536133           1.6595875673617695       13.890102079512621
0.7228171523587544        2.0810556978785413       14.853652220116958
0.7744522106660552        1.9553160310103674       14.526980220609062
0.942488564964526         1.6379516479531948       13.430033287064855
1.00799442991699          1.2881501299889482       12.465048908999224
1.0443811829974339        1.5029617761215301       12.934135597054112
1.8170765836933185        -0.25172092876955776     9.66857352355566
1.7964316835196115        0.01824448832316088      10.024596847311756
1.70747940972854          0.2914702702515716       10.395507882825358
1.2178872761933548        1.1109551732294556       11.884856223613712
1.416907906213849         0.8628642014262189       11.319687081062172
1.5739953753206235        0.5738715414313111       10.816010903131
2.067552955206201         -0.39715266368693114     9.513046250500938
2.169181011791437         -0.7765752574764266      9.080510603797949
2.4199319904921883        -1.3048127900455153      8.627912880250127
3.5279954865745853        -2.6305555166207633      8.417555445153104
2.9310968878823447        -1.6409610192291955      8.62562449921075
3.2331469648653695        -2.1611395999761336      8.472297767669646
4.09187176186056          -2.6303699557188267      8.660487763401713
4.64292382164667          -2.626955421255235       8.848004278329212
4.986049076864            -3.083855836418003       8.825874055223542
5.315714285111747         -3.5590383652880773      8.820155305168948
5.9133777522757764        -3.5554505732674624      8.951972982690224
6.233168689664182         -4.038766610275294       8.94827580706483
6.821489600747001         -4.107206484288776       9.021312766322191
7.107238093734057         -4.560270681014839       9.019657382153456
7.407407407407408         -5                       9.031139951089935
7.598941943472893         -4.614714420494204       9.046748663037574
8                         -5                       9.047289951435603
-0.9482585821851953       4.005419557994631        13.47287561774001
-1.2132835920377283       4.506065625349735        13.232997110135384
-1.4814814814814814       5                        13.073669584696653
-0.6800921685937409       3.475083515574959        13.894391510146217
-0.3929309996377304       3.126501342716389        14.437828459692112
0.02131038137208843       2.8107052155965895       15.211076773180249
-0.10066429807803587      3.0360009807459134       14.72765181102137
0.6131370863806616        2.2922748807390017       15.263703353981414
0.5369097448146574        2.4344664432633407       15.344025287918559
0.3441873299085082        2.8156064737214495       14.984619162562241
0.5410822009014384        2.6050183407970247       15.048891609554646
0.7718980386046081        2.2289764745801985       14.731320463097232
0.9194150145379806        1.8405098246427882       13.897495659426026
0.9072372703875212        2.0733873674474728       14.237303617840864
1.171134136548883         1.7066241217349138       13.115738984874584
1.2690519057203795        1.410928688154593        12.437721770242426
2.1106182230167496        -0.09686703907110099     9.88343505722687
2.0364271774546268        0.21089132769351013      10.261499003777317
1.915420575492953         0.5168390658393974       10.667636489432704
1.5935844144283962        1.21032255600559         11.794201538925353
1.7558629195475226        0.8153388058225122       11.119701199774036
2.909814609420949         -1.1516349936976042      8.986394653421002
2.4300427931316713        -0.36102689887943773     9.609627788798575
2.6523636798621557        -0.8072110071787505      9.203230791779133
3.8108085056476457        -2.15758361366365        8.734052196015414
3.3337997515017563        -1.26595490354507        9.05195131018432
3.5423713626631415        -1.6866728164083435      8.865389298680762
4.354437530337918         -2.153964205065141       8.923575618694542
4.8561527881191955        -2.1870367536837856      9.048518861267508
5.2109419180329155        -2.569979856545577       9.013684061506533
5.627783880860257         -2.9811057919400383      9.001790381793908
6.15801556131432          -3.113523741322534       9.069116548512662
6.548422151338738         -3.5223779330847504      9.056171122601489
7.086154067818942         -3.674901246461184       9.09102957293361
7.4800642162230035        -4.10153671557384        9.072098270779632
8                         -4.411764705882343       9.063135978768688
-0.3522056383833042       3.999970572348858        13.7136451152504
-0.6204815653392936       4.502092804476846        13.4725847924945
-0.8888888888888893       5                        13.338177252865167
-0.07701307950091356      3.463520091755939        14.15777378535331
0.2045451275997776        3.119165804197544        14.55777326962505
0.5418550246668346        3.0360311219034295       14.421398739549085
0.7584837880551782        2.4733501204143655       14.675620656742991
0.702472289961835         2.8037194922597894       14.478633640747502
1.0111817152321767        2.288274967400974        14.075052612923953
1.1376607078634828        2.023547239080533        13.612366906442857
1.397174725109422         1.9363037584938205       13.033698668176452
1.5793306709109944        1.6465584066573307       12.433503262694842
1.9417504358174682        1.4278221368046633       11.815195243798863
2.397631740215593         0.0901456765337753       10.099353237353638
2.290983437184229         0.4455164113833858       10.507032966315665
2.1454396033379184        0.769759837845184        10.920577599061415
2.0115728417921366        1.0631989543021518       11.332317888953254
2.815022425632751         -0.025734609041837928    9.976179824349215
3.125867313981482         -0.8457330302901694      9.30046625887902
2.9361860781898543        -0.4409031392511428      9.604055091925872
3.510708649081054         -0.8889124335610753      9.359552308405991
4.108250939269256         -1.6673752408535993      9.062021995771447
3.8500981877463576        -1.163860715777957       9.26286260536348
4.694353313462094         -1.6598764914050097      9.211106425983559
5.1211008962528926        -1.8442892397721824      9.226378221042253
5.294595698488534         -2.15419607664518        9.155351522252097
5.688886268418341         -2.352981044747482       9.168608196881438
6.121502304004689         -2.632911125991134       9.165239965230954
6.586100999555457         -2.9260583561335762      9.161789223355486
7.053191678246286         -3.1971071201506813      9.157195321315825
7.523393564013643         -3.4956083173861647      9.140119357750052
8                         -3.8235294117646963      9.110240361269918
0.2495376029391704        3.998921929988887        13.735318924724082
-0.02490576991919003      4.500599949108567        13.567721557434274
-0.29629629629629717      5                        13.489704541624215
0.5327188176474685        3.4889964967190172       13.975786185123471
0.9140426036450019        3.117269937535753        13.931379884516955
1.1327054404908703        2.6607202438602338       13.82592646919598
1.3652423094537711        2.2527405829801253       13.342900045832673
1.709484721266246         2.043770501774655        12.683903914529068
2.0287700585701387        1.7948947285057475       12.118940890649059
2.215373636555553         1.3027251342205926       11.488631755958533
2.224679837508583         1.5465952465342743       11.726774805701433
2.7026963848735317        0.36809486711813255      10.361405710872122
2.559698197202613         0.7212790944016205       10.740159782743314
2.384033914349787         1.0659564908259949       11.154023121623382
3.1427763438502754        0.2962029492968612       10.248306242529935
3.288845014563989         -0.1045459889566709      9.917264660925227
3.412184540747751         -0.5198059749093318      9.607073381975448
3.8315934514279193        -0.6492075432828479      9.576104521965478
4.404551089916852         -1.1837409878774752      9.369365313818768
4.195475972552798         -0.8045059076052904      9.534992769026454
4.830623127441382         -1.159514675130143       9.451606205049364
5.1853568228971625        -1.4232143374527442      9.394817882266869
5.592140805666056         -1.802162532828882       9.319804719305756
6.107074913661947         -2.063809849979658       9.30974179279575
6.582099125313292         -2.346666939288772       9.28820639328025
7.053014285548389         -2.633767607181383       9.262700280928
7.5241711189001474        -2.928487375843254       9.230097147302589
8                         -3.235294117647051       9.187324956947203
0.8446276976156599        4.021730207874904        13.520482418632666
0.5698243978480774        4.505816160402143        13.48633282051952
0.29629629629629584       5                        13.489732853489846
1.1228985082718383        3.5776418013267164       13.509767331191478
1.4410137511143575        3.096390988739257        13.337462842700733
1.7058285434765004        2.561866854534258        12.976339115146018
2.1483364647812446        2.1722440973087087       12.294473289895285
2.426390255891441         1.793803003281547        11.793278454277734
2.511114800708315         1.413731229858822        11.4223920533207
3.007003410754851         0.6827797804173467       10.594564722702486
2.8610044065021825        1.1250446943275987       11.011085571863962
3.4375142792234157        0.6078118783356256       10.45521304661805
3.6003876557499885        0.2172296229142628       10.155449975086752
3.7693214044734855        -0.1916569534159957      9.871283703938898
4.214134957814737         -0.3317721437642151      9.806986800966897
4.650688165925653         -0.68523110215987        9.652579401637015
5.168555407909389         -0.8960363914063161      9.607361066763021
5.643429049065713         -1.217520124638886       9.529143804259277
6.099449057962976         -1.4895536693823554      9.48130340071564
6.576057431334234         -1.7683419837638996      9.439063896943068
7.0491965325838315        -2.0551857915651777      9.395463477060547
7.523566668927495         -2.349146100021577       9.347434825779905
8                         -2.647058823529404       9.292173756200427
1.4405020882732464        4.035030095280765        13.1734574363357
1.164501671267639         4.513644875440505        13.255763511874035
0.8888888888888893        5                        13.33822640797324
1.736095221156168         3.566923658267609        13.016716054648748
2.028089657492075         3.084828197533623        12.749667232466836
2.3134373316995296        2.622013121832785        12.370505557862158
2.667719597302014         2.176783616277501        11.876113400213775
2.9296259976837318        1.6718147922444706       11.397406404665247
3.3383308528770876        0.9782451990242413       10.745956232771332
3.277142053982845         1.348186281390518        11.024492848112766
3.796843272712232         0.5612733033571385       10.372667902883324
3.692679256192974         0.8509272136757347       10.578284307669664
4.1259555920097775        0.28621998844314456      10.172139136797776
4.650966824181441         -0.04344204684934405     9.978185903671319
5.14041816668884          -0.3344626833479518      9.850437862429674
5.627962941318169         -0.6145657078351446      9.756336672071006
6.10276354876607          -0.9020660264874333      9.677625789894227
6.575338071282136         -1.1840519107732745      9.612304335963792
7.049571297380567         -1.4722137874573935      9.55066623426166
7.524174988944559         -1.7636616152492248      9.488626666192031
8                         -2.0588235294117583      9.421609312533025
2.044602141512837         4.040917196122982        12.777966843542835
1.7616851516645147        4.519292845141312        12.935666309179078
1.4814814814814827        5                        13.073689033213945
2.3391779972867925        3.566832394359523        12.557993156323688
2.6329851002191016        3.0949421674683055       12.267389040237878
2.935398684521425         2.630099642971423        11.912775399779784
3.227319308224784         2.1628014554625827       11.532466237215361
3.4982956863876584        1.714801512119129        11.168380665008293
3.7525386651860297        1.2543533649169787       10.816299873057519
4.127611465900713         0.8441208360836276       10.498465660964428
4.636581106039074         0.5486286840345357       10.28123986171884
5.128398227395777         0.2590194356219279       10.117116706537274
5.615937433402611         -0.026520287458963208    9.98982011283256
6.097049449601818         -0.31146783536505956     9.887321672692321
6.573713813891755         -0.5978010161893196      9.800610695559785
7.049046818423727         -0.8860912525387649      9.722887750367716
7.524319493751043         -1.1771165898653488      9.648203468410768
8                         -1.4705882352941124      9.571473173433853
2.6494380161749453        4.044639879546081        12.394930908631922
2.361308579142219         4.523666293132505        12.58445736512396
2.074074074074076         5                        12.750222964164118
2.942646266134586         3.569260877743833        12.162115070349783
3.2385278600033605        3.0969438909539595       11.885705294803095
3.5322895048774337        2.6271985540764837       11.580051525305498
3.800586378576439         2.1561106150864893       11.27024455056681
4.064492325126056         1.714746726280882        10.974495730858747
4.234121851657773         1.301520298444606        10.725299871660347
4.649692027988285         1.1009659750157157       10.549903072905506
5.129265700328843         0.8500991657061912       10.377784790332463
5.610201582006925         0.5636572617756074       10.225529388776472
6.091736409151108         0.2779911960245506       10.101586062639214
6.570764726931576         -0.008915624512396502    9.997463423075162
7.047746834377457         -0.2982571744612463      9.905840529312487
7.523923364350253         -0.589550383167928       9.820753998569641
8                         -0.8823529411764666      9.736695976353817
3.249259726542982         4.044961599681024        12.054198075706099
2.957514667619403         4.523040620454959        12.24593528848884
2.6666666666666696        5                        12.414724684880396
3.544120908006343         3.568278851348588        11.832306162994142
3.842359103131631         3.0927440809080666       11.583215816426017
4.149086668813657         2.6248029841475566       11.317090335733432
4.357558628131683         2.145241631674323        11.073044820844983
4.665076673395866         1.6984012361177037       10.812231273676163
4.71116731186242          2.11039224617261         10.961490491653013
5.129637265468911         1.4347668175646655       10.61903324937573
5.607294592351407         1.153298452737908        10.451848884511238
6.0885771294118           0.86805560802203         10.312302469640457
6.568206790437234         0.5814439665286073       10.195073883854597
7.046238918783619         0.2903342353131831       10.09259776811764
7.523316391190759         -0.0014545122870625316   10.000019222715189
8                         -0.2941176470588207      9.911462719421618
3.8461893679471366        4.043730964630764        11.762739399000951
3.552306734626786         4.52231153899981         11.940621118668004
3.259259259259263         5                        12.09794810688553
4.143081330606441         3.563657490003027        11.562446524989992
4.445831414471251         3.0763749293339564       11.34146884919361
4.744239791777318         2.5394704304110567       11.096795475993547
5.126652910259917         2.069208730595225        10.851577731009767
5.597409467250906         1.7333183311582765       10.657622040604656
6.086989321865943         1.4587048229339368       10.510914305707539
6.567081858912087         1.172713056939487        10.385549296657999
7.045069625831811         0.8802255872162515       10.276364029089505
7.5227953354458315        0.5869983063133184       10.179418381594095
8                         0.29411764705882604      10.089467849054325
4.439535895709249         4.041855318997593        11.521051989312882
4.1455901921901495        4.5215506780127654       11.677587460579248
3.8518518518518565        5                        11.816084568282344
4.733632660271156         3.5607558903409213       11.348006429629441
5.024040931431985         3.0767163683273955       11.162990648029451
5.338965485411331         2.634581682654866        10.97626812338465
5.616387633597811         2.205785369961398        10.802742559085157
6.090206810678507         2.032902868213032        10.684535509219854
6.565928461539407         1.7682232483474714       10.562626482820948
7.04726060394172          1.4702871266237885       10.449822036410447
7.522670964147323         1.1754638368307448       10.35228562862177
8                         0.8823529411764723       10.264234565000313
5.027926308004526         4.043829074023345        11.32673241997203
4.736802425982345         4.521044141921943        11.458912055219718
4.44444444444445          5                        11.575604035845245
5.3193585017451435        3.5733614792900834       11.182183942759764
5.613032115817603         3.1195517917709217       11.031329034287099
5.982030216860123         2.6551408723267693       10.861761728691887
6.539531018599841         2.355387586341255        10.719032560540194
7.036925139249506         2.0583754208562577       10.606972335857025
7.521112684582089         1.7621196326076127       10.511982806210113
8                         1.4705882352941193       10.42945729544469
5.610052171972384         4.051503670884273        11.175629350527911
5.32746221276307          4.521981125093664        11.282601611547411
5.037037037037043         5                        11.377536945743822
5.906851328953034         3.6050728738572966       11.057571855996992
6.107581210094406         3.1705328656955745       10.950381926048022
6.536217155129124         2.925492892406141        10.844690284815938
7.029910980419954         2.6443359340336654       10.742041842172101
7.517759291185609         2.3503634151417163       10.653950062357913
8                         2.0588235294117663       10.579321145793534
6.169103411115119         4.042344252096223        11.063667726131557
5.909611269253425         4.522433220945023        11.147504311001363
5.629629629629637         5                        11.220330836738107
6.512752873920953         3.5497028415773935       10.953196455346541
7.031415973342307         3.2367866795553915       10.851897043425224
7.518772990931261         2.939850605498744        10.773084032386267
8                         2.647058823529412        10.708756666034745
6.656374571208155         4.079483022991285        10.996113362116008
6.477218022564616         4.520499913095672        11.050157346404292
6.22222222222223          5                        11.101525411075164
7.09159658665353          3.8174009397831714       10.92606185929394
7.533938070502809         3.5251004282696528       10.864345112918313
8                         3.2352941176470598       10.813605103839427
7.0911818467739405        4.478738982541508        10.978904714763413
6.814814814814824         5                        11.01866931954279
7.560522076180362         4.101162806514184        10.925357532740923
8                         3.823529411764707        10.890687536122579
7.611822266072343         4.598333298987609        10.953121397093751
7.407407407407416         5                        10.969787271934228
8                         4.411764705882353        10.937794621001311
8                         5                        10.953638825351106
-0.263713457678455        -0.15998925123719943     9.688058893248554
-0.1564384827095519       -0.13860031124545674     9.727397259186326
-0.1995364806077303       -0.06448981454639155     9.873972897650418
-0.29949657611196057      -0.02634847016112206     9.949355460971388
-0.1890153850241405       0.0274698405158585       10.054462459167864
-0.09254513403507529      -0.047569835767484296    9.906579308441541
-0.16607666055071685      -0.25288398220938413     9.501000765515629
-0.05849341760233389      -0.16955672130973926     9.66469880164429
-0.2860539541175124       0.10592625223157423      10.20669140078183
-0.08583725336809289      0.06987086728668235      10.138565698313094
-0.1708302333458456       0.1200862522722382       10.236854779750791
0.05766868168623389       -0.18386460822148668     9.636214814240487
0.04015331903000913       -0.07761092444400708     9.846987278743924
0.001351752084267198      0.019928222862339952     10.039941167770182
0.0241474203519286        0.12427838200301326      10.246589530887624
-0.03556401887274973      -0.2952918887782543      9.412984722525652
0.1061851215284371        -0.3001318670683224      9.40452340668706
-0.20823882416113024      0.22292953440048277      10.43898648075111
-0.08813194023969179      0.1750323418341284       10.346923257709156
-0.007364101433558072     0.2229684246213731       10.443102254855122
0.15014549917152914       -0.21551809055858437     9.574865703266335
0.1946720229454783        -0.2705633081417373      9.466916992646622
0.165927564593784         -0.09972461143722844     9.804250332632092
0.13679413431118237       0.03408247265304908      10.06768028585657
0.1280731530544011        0.15536191348044132      10.307296348989665
0.07055559165991446       0.21286325151449048      10.422470900060922
-0.0935256091121764       0.29690794402474435      10.59036113883029
0.03962337908488918       0.31238635981999213      10.622490681384486
0.23891749044339292       -0.20031862689552055     9.60790973886205
0.30561656361760503       -0.11947332896222876     9.768484144509516
0.29592473832901117       0.010616396217592809     10.021142842258355
0.24869763650693144       0.14489056904350378      10.28386175326962
0.1599319493596995        0.2610294132040477       10.516495253798395
-0.05043976859924646      -2.0008374438457466      0
0.050625270601287166      -1.9998471970752847      0
-0.05043976859924642      1.9991625561542534       20.00000000000009
0.05062527060128722       2.000152802924715        20.00000000000009
-0.4994374824273449       -0.318874867437769       9.463221127491748
-0.5593556178570892       -0.2095157512330823      9.653798453123782
-0.56618617135985         -0.03618338254137302     9.93887831374602
-0.416956856960115        -0.4187204281158081      9.28190765190849
-0.5779397724741265       0.06552300272485131      10.110185866095827
-0.7067354433616326       -0.44970792539561427     9.387722395648654
-0.31490954041309865      -0.5000650979046993      9.127158204412536
-0.7871278323271333       -0.2844865453963102      9.62109160004688
-0.5570891383591934       0.19284897487540856      10.322316864595356
-0.5902336803608297       -0.5933821254316753      9.16673692367697
-0.19688552711597118      -0.5576156045789399      9.0123047926188
-0.823859160795153        -0.10949145211502223     9.855574981667884
-0.8260839945967725       0.08414200488432454      10.111878543446764
-0.5017947126700582       0.3136221153372679       10.529146121587118
-0.44628068524470277      -0.71043442397935        8.96835929471017
-0.06765427273549629      -0.5898132820906413      8.948429379570841
-0.7972344666696486       0.26908675345672706      10.357718024800954
-0.42056108599374087      0.4171303709745225       10.714895766958376
0.06753236878621535       -0.5887261401575534      8.949183027742327
-0.2786378006214164       -0.7897541014346072      8.815271697153122
-0.7132807585134049       0.44642150059410995      10.606803246751676
-0.3212390958343055       0.4924895383907856       10.862444043662805
0.19669780976679765       -0.5578769950961516      9.012000447515755
-0.09548774538140307      -0.8329194202554427      8.725543592454057
0.3149058536117645        -0.4995054270163258      9.12770462355199
-0.5963865679823395       0.590000870186639        10.827604421040439
-0.21159209304439713      0.5594352305627079       10.983694808819045
0.41790746211912594       -0.4171645280527157      9.284386344017099
0.5016710385398859        -0.314408192825639       9.470719659354502
0.09424842823543017       -0.8319943210568606      8.726411287624403
-0.03608634341094703      0.5656209984370683       11.040406901685126
-0.449170627896366        0.7062759868121239       11.026785941177161
0.06733172742409324       0.5742196959564374       11.041826771012277
0.19292910684040723       0.5562357714643569       10.989369377367021
0.311525543609909         0.497945218648352        10.873865115106433
0.5578330230045321        -0.19290789035891504     9.678906014174459
0.5771547931606243        -0.06712380690889036     9.888087042682749
0.5639282688317226        0.034709324872170086     10.059829819500937
0.5543365350399756        0.20440169730327556      10.34133493170853
0.4914601560528674        0.3166621856601554       10.53930490256949
0.41325280515991314       0.4162529040742616       10.718603820941622
0.2770410259314424        -0.7934195918318475      8.810693254563992
-0.2842661430617727       0.7857924892963112       11.179576383806433
0.4462516893001171        -0.7101639499945613      8.968640157170467
0.5936904879226965        -0.5922753897057963      9.169576308699805
-0.11198059985099625      0.8187718410977719       11.257708755806378
0.7117623669022188        -0.445323164780232       9.39500059093555
0.7971359095080762        -0.2735490980286698      9.637593836213766
0.08744633200824078       0.8291412088066145       11.272278121694463
0.27034272002155485       0.7891062879665192       11.187731337747541
0.44171660381595834       0.7057855272507295       11.029475639145213
0.586887152093175         0.5895135874726202       10.831322434675227
0.8240682122229775        -0.08932004619896074     9.882160266534298
0.8174189940347644        0.09388103194157821      10.125487932843894
0.7851181141717529        0.27648680080324606      10.370231334092724
0.7025222251588806        0.443449302152164        10.60728513284427
-0.6331385711436031       -0.3129820397799714      9.534276916215148
-0.5941073082286572       -0.11029653407353668     9.820665418171401
-0.5473075755000049       -0.4406347198250427      9.329191242504725
-0.6861109540889585       -0.1696401405859693      9.751142707254715
-0.6723142088244893       -0.021034599437150425    9.968743667353854
-0.4373434187465042       -0.5501409327894179      9.142659691747511
-0.6894586079316309       0.1412552534630664       10.20842085400197
-0.30684101163987226      -0.6341759170115103      8.98979534329437
-0.6373218291018112       0.3025064341525848       10.45095181771273
-0.15760482652104116      -0.6856651378514788      8.887459974226545
-0.5533425912118058       0.43921077137778425      10.667095805755643
-0.0011383352024537097    -0.7042483439689141      8.850107092186121
-0.4416253329403044       0.5464347602382058       10.851998178477887
0.15767150603311736       -0.6875780942622038      8.885666828407027
-0.30773318520611004      0.6332048463672291       11.009886508287325
0.30534894130270596       -0.6337312245099866      8.989589811947512
0.4380422465623486        -0.5483871695065377      9.14497829797981
-0.1105879313945879       0.5936720462141878       11.046659350276064
-0.1680857038605456       0.6830907367317991       11.108474349072674
0.5501490451176817        -0.4374824977598397      9.334516896862523
0.634852244257659         -0.3027003008358574      9.54887962358181
0.5891276976268297        0.10536034314674121      10.173482033516022
-0.022066720086941348     0.6736436763264642       11.123214550064402
0.14741819402566864       0.6843752552436835       11.114877653607424
0.29938615015087494       0.6298510084430007       11.010124401466932
0.432384732591752         0.5456579900843629       10.85595843277369
0.6892645671031353        -0.14904965145837162     9.781332784679904
0.66678926435826          0.020201291552891236     10.031206634446802
0.6706022016700645        0.1543295307732792       10.231194521090599
0.623153655406371         0.2964043768645746       10.44805986424169
0.541588802657483         0.4346404454505839       10.667262152514228
